    source_val_label_accuracy  target_val_label_accuracy    260k_accuracy seed      x_net desired_runs  window_stride source_domains target_domains  num_examples_per_device
6                    0.843842                   0.843842    0.817                 82  group_2_x          [1]             50           [20]           [20]                   200000
0                    0.784715                   0.784715    0.817                 82  group_2_x          [1]             50           [20]           [20]                   130000
8                    0.782756                   0.782756    0.817                 82  group_2_x          [1]             50           [20]           [20]                    75000
10                   0.601461                   0.601461    0.604               1234  group_2_x          [1]              1           [20]           [20]                    75000
3                    0.599878                   0.599878    0.604               1234  group_2_x          [1]              1           [20]           [20]                   130000
11                   0.592790                   0.592790    0.604               1234  group_2_x          [1]              1           [20]           [20]                   200000
4                    0.479802                   0.479802    0.488               1234  group_2_x          [2]              1           [20]           [20]                   200000
7                    0.467010                   0.467010    0.488               1234  group_2_x          [2]              1           [20]           [20]                   130000
9                    0.363350                   0.363350    0.488               1234  group_2_x          [2]              1           [20]           [20]                    75000
1                    0.063750                   0.063750    0.604               1234  group_2_x          [1]              1           [20]           [20]                    15000
2                    0.063417                   0.063417    0.488               1234  group_2_x          [2]              1           [20]           [20]                    15000
5                    0.062361                   0.062361    0.817                 82  group_2_x          [1]             50           [20]           [20]                    15000
